# Project Zomboid Mesh
# File Version:
1.00000000
# Model Name:
Vehicles_ElectricScooter
# Vertex Stride Element Count:
3
# Vertex Stride Size (in bytes):
76
# Vertex Stride Data:
# (Int)    Offset
# (String) Type
0
VertexArray
12
NormalArray
24
TextureCoordArray
# Vertex Count:
196
# Vertex Buffer:
-0.11000000, 0.08000000, -0.47500000
0.00000000, 0.00000000, -1.00000000
0.00000000, 0.00000000
0.11000000, 0.08000000, -0.47500000
0.00000000, 0.00000000, -1.00000000
1.00000000, 0.00000000
0.11000000, 0.13000000, -0.47500000
0.00000000, 0.00000000, -1.00000000
1.00000000, 1.00000000
-0.11000000, 0.13000000, -0.47500000
0.00000000, 0.00000000, -1.00000000
0.00000000, 1.00000000
-0.11000000, 0.13000000, 0.47500000
0.00000000, 0.00000000, 1.00000000
0.00000000, 0.00000000
0.11000000, 0.13000000, 0.47500000
0.00000000, 0.00000000, 1.00000000
1.00000000, 0.00000000
0.11000000, 0.08000000, 0.47500000
0.00000000, 0.00000000, 1.00000000
1.00000000, 1.00000000
-0.11000000, 0.08000000, 0.47500000
0.00000000, 0.00000000, 1.00000000
0.00000000, 1.00000000
-0.11000000, 0.08000000, -0.47500000
0.00000000, -1.00000000, 0.00000000
0.00000000, 0.00000000
-0.11000000, 0.08000000, 0.47500000
0.00000000, -1.00000000, 0.00000000
1.00000000, 0.00000000
0.11000000, 0.08000000, 0.47500000
0.00000000, -1.00000000, 0.00000000
1.00000000, 1.00000000
0.11000000, 0.08000000, -0.47500000
0.00000000, -1.00000000, 0.00000000
0.00000000, 1.00000000
-0.11000000, 0.13000000, -0.47500000
0.00000000, 1.00000000, 0.00000000
0.00000000, 0.00000000
0.11000000, 0.13000000, -0.47500000
0.00000000, 1.00000000, 0.00000000
1.00000000, 0.00000000
0.11000000, 0.13000000, 0.47500000
0.00000000, 1.00000000, 0.00000000
1.00000000, 1.00000000
-0.11000000, 0.13000000, 0.47500000
0.00000000, 1.00000000, 0.00000000
0.00000000, 1.00000000
-0.11000000, 0.08000000, -0.47500000
-1.00000000, 0.00000000, 0.00000000
0.00000000, 0.00000000
-0.11000000, 0.13000000, -0.47500000
-1.00000000, 0.00000000, 0.00000000
1.00000000, 0.00000000
-0.11000000, 0.13000000, 0.47500000
-1.00000000, 0.00000000, 0.00000000
1.00000000, 1.00000000
-0.11000000, 0.08000000, 0.47500000
-1.00000000, 0.00000000, 0.00000000
0.00000000, 1.00000000
0.11000000, 0.08000000, 0.47500000
1.00000000, 0.00000000, 0.00000000
0.00000000, 0.00000000
0.11000000, 0.13000000, 0.47500000
1.00000000, 0.00000000, 0.00000000
1.00000000, 0.00000000
0.11000000, 0.13000000, -0.47500000
1.00000000, 0.00000000, 0.00000000
1.00000000, 1.00000000
0.11000000, 0.08000000, -0.47500000
1.00000000, 0.00000000, 0.00000000
0.00000000, 1.00000000
-0.03000000, 0.13000000, 0.39000000
0.00000000, 0.00000000, -1.00000000
0.00000000, 0.00000000
0.03000000, 0.13000000, 0.39000000
0.00000000, 0.00000000, -1.00000000
1.00000000, 0.00000000
0.03000000, 1.00000000, 0.39000000
0.00000000, 0.00000000, -1.00000000
1.00000000, 1.00000000
-0.03000000, 1.00000000, 0.39000000
0.00000000, 0.00000000, -1.00000000
0.00000000, 1.00000000
-0.03000000, 1.00000000, 0.45000000
0.00000000, 0.00000000, 1.00000000
0.00000000, 0.00000000
0.03000000, 1.00000000, 0.45000000
0.00000000, 0.00000000, 1.00000000
1.00000000, 0.00000000
0.03000000, 0.13000000, 0.45000000
0.00000000, 0.00000000, 1.00000000
1.00000000, 1.00000000
-0.03000000, 0.13000000, 0.45000000
0.00000000, 0.00000000, 1.00000000
0.00000000, 1.00000000
-0.03000000, 0.13000000, 0.39000000
0.00000000, -1.00000000, 0.00000000
0.00000000, 0.00000000
-0.03000000, 0.13000000, 0.45000000
0.00000000, -1.00000000, 0.00000000
1.00000000, 0.00000000
0.03000000, 0.13000000, 0.45000000
0.00000000, -1.00000000, 0.00000000
1.00000000, 1.00000000
0.03000000, 0.13000000, 0.39000000
0.00000000, -1.00000000, 0.00000000
0.00000000, 1.00000000
-0.03000000, 1.00000000, 0.39000000
0.00000000, 1.00000000, 0.00000000
0.00000000, 0.00000000
0.03000000, 1.00000000, 0.39000000
0.00000000, 1.00000000, 0.00000000
1.00000000, 0.00000000
0.03000000, 1.00000000, 0.45000000
0.00000000, 1.00000000, 0.00000000
1.00000000, 1.00000000
-0.03000000, 1.00000000, 0.45000000
0.00000000, 1.00000000, 0.00000000
0.00000000, 1.00000000
-0.03000000, 0.13000000, 0.39000000
-1.00000000, 0.00000000, 0.00000000
0.00000000, 0.00000000
-0.03000000, 1.00000000, 0.39000000
-1.00000000, 0.00000000, 0.00000000
1.00000000, 0.00000000
-0.03000000, 1.00000000, 0.45000000
-1.00000000, 0.00000000, 0.00000000
1.00000000, 1.00000000
-0.03000000, 0.13000000, 0.45000000
-1.00000000, 0.00000000, 0.00000000
0.00000000, 1.00000000
0.03000000, 0.13000000, 0.45000000
1.00000000, 0.00000000, 0.00000000
0.00000000, 0.00000000
0.03000000, 1.00000000, 0.45000000
1.00000000, 0.00000000, 0.00000000
1.00000000, 0.00000000
0.03000000, 1.00000000, 0.39000000
1.00000000, 0.00000000, 0.00000000
1.00000000, 1.00000000
0.03000000, 0.13000000, 0.39000000
1.00000000, 0.00000000, 0.00000000
0.00000000, 1.00000000
-0.25000000, 1.02500000, 0.39500000
0.00000000, 0.00000000, -1.00000000
0.00000000, 0.00000000
0.25000000, 1.02500000, 0.39500000
0.00000000, 0.00000000, -1.00000000
1.00000000, 0.00000000
0.25000000, 1.07500000, 0.39500000
0.00000000, 0.00000000, -1.00000000
1.00000000, 1.00000000
-0.25000000, 1.07500000, 0.39500000
0.00000000, 0.00000000, -1.00000000
0.00000000, 1.00000000
-0.25000000, 1.07500000, 0.44500000
0.00000000, 0.00000000, 1.00000000
0.00000000, 0.00000000
0.25000000, 1.07500000, 0.44500000
0.00000000, 0.00000000, 1.00000000
1.00000000, 0.00000000
0.25000000, 1.02500000, 0.44500000
0.00000000, 0.00000000, 1.00000000
1.00000000, 1.00000000
-0.25000000, 1.02500000, 0.44500000
0.00000000, 0.00000000, 1.00000000
0.00000000, 1.00000000
-0.25000000, 1.02500000, 0.39500000
0.00000000, -1.00000000, 0.00000000
0.00000000, 0.00000000
-0.25000000, 1.02500000, 0.44500000
0.00000000, -1.00000000, 0.00000000
1.00000000, 0.00000000
0.25000000, 1.02500000, 0.44500000
0.00000000, -1.00000000, 0.00000000
1.00000000, 1.00000000
0.25000000, 1.02500000, 0.39500000
0.00000000, -1.00000000, 0.00000000
0.00000000, 1.00000000
-0.25000000, 1.07500000, 0.39500000
0.00000000, 1.00000000, 0.00000000
0.00000000, 0.00000000
0.25000000, 1.07500000, 0.39500000
0.00000000, 1.00000000, 0.00000000
1.00000000, 0.00000000
0.25000000, 1.07500000, 0.44500000
0.00000000, 1.00000000, 0.00000000
1.00000000, 1.00000000
-0.25000000, 1.07500000, 0.44500000
0.00000000, 1.00000000, 0.00000000
0.00000000, 1.00000000
-0.25000000, 1.02500000, 0.39500000
-1.00000000, 0.00000000, 0.00000000
0.00000000, 0.00000000
-0.25000000, 1.07500000, 0.39500000
-1.00000000, 0.00000000, 0.00000000
1.00000000, 0.00000000
-0.25000000, 1.07500000, 0.44500000
-1.00000000, 0.00000000, 0.00000000
1.00000000, 1.00000000
-0.25000000, 1.02500000, 0.44500000
-1.00000000, 0.00000000, 0.00000000
0.00000000, 1.00000000
0.25000000, 1.02500000, 0.44500000
1.00000000, 0.00000000, 0.00000000
0.00000000, 0.00000000
0.25000000, 1.07500000, 0.44500000
1.00000000, 0.00000000, 0.00000000
1.00000000, 0.00000000
0.25000000, 1.07500000, 0.39500000
1.00000000, 0.00000000, 0.00000000
1.00000000, 1.00000000
0.25000000, 1.02500000, 0.39500000
1.00000000, 0.00000000, 0.00000000
0.00000000, 1.00000000
-0.09000000, 0.93000000, 0.35000000
0.00000000, 0.00000000, -1.00000000
0.00000000, 0.00000000
0.09000000, 0.93000000, 0.35000000
0.00000000, 0.00000000, -1.00000000
1.00000000, 0.00000000
0.09000000, 1.03000000, 0.35000000
0.00000000, 0.00000000, -1.00000000
1.00000000, 1.00000000
-0.09000000, 1.03000000, 0.35000000
0.00000000, 0.00000000, -1.00000000
0.00000000, 1.00000000
-0.09000000, 1.03000000, 0.45000000
0.00000000, 0.00000000, 1.00000000
0.00000000, 0.00000000
0.09000000, 1.03000000, 0.45000000
0.00000000, 0.00000000, 1.00000000
1.00000000, 0.00000000
0.09000000, 0.93000000, 0.45000000
0.00000000, 0.00000000, 1.00000000
1.00000000, 1.00000000
-0.09000000, 0.93000000, 0.45000000
0.00000000, 0.00000000, 1.00000000
0.00000000, 1.00000000
-0.09000000, 0.93000000, 0.35000000
0.00000000, -1.00000000, 0.00000000
0.00000000, 0.00000000
-0.09000000, 0.93000000, 0.45000000
0.00000000, -1.00000000, 0.00000000
1.00000000, 0.00000000
0.09000000, 0.93000000, 0.45000000
0.00000000, -1.00000000, 0.00000000
1.00000000, 1.00000000
0.09000000, 0.93000000, 0.35000000
0.00000000, -1.00000000, 0.00000000
0.00000000, 1.00000000
-0.09000000, 1.03000000, 0.35000000
0.00000000, 1.00000000, 0.00000000
0.00000000, 0.00000000
0.09000000, 1.03000000, 0.35000000
0.00000000, 1.00000000, 0.00000000
1.00000000, 0.00000000
0.09000000, 1.03000000, 0.45000000
0.00000000, 1.00000000, 0.00000000
1.00000000, 1.00000000
-0.09000000, 1.03000000, 0.45000000
0.00000000, 1.00000000, 0.00000000
0.00000000, 1.00000000
-0.09000000, 0.93000000, 0.35000000
-1.00000000, 0.00000000, 0.00000000
0.00000000, 0.00000000
-0.09000000, 1.03000000, 0.35000000
-1.00000000, 0.00000000, 0.00000000
1.00000000, 0.00000000
-0.09000000, 1.03000000, 0.45000000
-1.00000000, 0.00000000, 0.00000000
1.00000000, 1.00000000
-0.09000000, 0.93000000, 0.45000000
-1.00000000, 0.00000000, 0.00000000
0.00000000, 1.00000000
0.09000000, 0.93000000, 0.45000000
1.00000000, 0.00000000, 0.00000000
0.00000000, 0.00000000
0.09000000, 1.03000000, 0.45000000
1.00000000, 0.00000000, 0.00000000
1.00000000, 0.00000000
0.09000000, 1.03000000, 0.35000000
1.00000000, 0.00000000, 0.00000000
1.00000000, 1.00000000
0.09000000, 0.93000000, 0.35000000
1.00000000, 0.00000000, 0.00000000
0.00000000, 1.00000000
-0.03000000, 0.16000000, 0.45000000
0.00000000, 1.00000000, 0.00000000
0.00000000, 0.00000000
-0.03000000, 0.14928203, 0.49000000
0.00000000, 0.86602540, 0.50000000
0.08333333, 0.00000000
-0.03000000, 0.12000000, 0.51928203
0.00000000, 0.50000000, 0.86602540
0.16666667, 0.00000000
-0.03000000, 0.08000000, 0.53000000
0.00000000, 0.00000000, 1.00000000
0.25000000, 0.00000000
-0.03000000, 0.04000000, 0.51928203
0.00000000, -0.50000000, 0.86602540
0.33333333, 0.00000000
-0.03000000, 0.01071797, 0.49000000
0.00000000, -0.86602540, 0.50000000
0.41666667, 0.00000000
-0.03000000, 0.00000000, 0.45000000
0.00000000, -1.00000000, 0.00000000
0.50000000, 0.00000000
-0.03000000, 0.01071797, 0.41000000
0.00000000, -0.86602540, -0.50000000
0.58333333, 0.00000000
-0.03000000, 0.04000000, 0.38071797
0.00000000, -0.50000000, -0.86602540
0.66666667, 0.00000000
-0.03000000, 0.08000000, 0.37000000
0.00000000, -0.00000000, -1.00000000
0.75000000, 0.00000000
-0.03000000, 0.12000000, 0.38071797
0.00000000, 0.50000000, -0.86602540
0.83333333, 0.00000000
-0.03000000, 0.14928203, 0.41000000
0.00000000, 0.86602540, -0.50000000
0.91666667, 0.00000000
0.03000000, 0.16000000, 0.45000000
0.00000000, 1.00000000, 0.00000000
0.00000000, 1.00000000
0.03000000, 0.14928203, 0.49000000
0.00000000, 0.86602540, 0.50000000
0.08333333, 1.00000000
0.03000000, 0.12000000, 0.51928203
0.00000000, 0.50000000, 0.86602540
0.16666667, 1.00000000
0.03000000, 0.08000000, 0.53000000
0.00000000, 0.00000000, 1.00000000
0.25000000, 1.00000000
0.03000000, 0.04000000, 0.51928203
0.00000000, -0.50000000, 0.86602540
0.33333333, 1.00000000
0.03000000, 0.01071797, 0.49000000
0.00000000, -0.86602540, 0.50000000
0.41666667, 1.00000000
0.03000000, 0.00000000, 0.45000000
0.00000000, -1.00000000, 0.00000000
0.50000000, 1.00000000
0.03000000, 0.01071797, 0.41000000
0.00000000, -0.86602540, -0.50000000
0.58333333, 1.00000000
0.03000000, 0.04000000, 0.38071797
0.00000000, -0.50000000, -0.86602540
0.66666667, 1.00000000
0.03000000, 0.08000000, 0.37000000
0.00000000, -0.00000000, -1.00000000
0.75000000, 1.00000000
0.03000000, 0.12000000, 0.38071797
0.00000000, 0.50000000, -0.86602540
0.83333333, 1.00000000
0.03000000, 0.14928203, 0.41000000
0.00000000, 0.86602540, -0.50000000
0.91666667, 1.00000000
-0.03000000, 0.08000000, 0.45000000
-1.00000000, 0.00000000, 0.00000000
0.50000000, 0.50000000
-0.03000000, 0.16000000, 0.45000000
-1.00000000, 0.00000000, 0.00000000
1.00000000, 0.50000000
-0.03000000, 0.14928203, 0.49000000
-1.00000000, 0.00000000, 0.00000000
0.93301270, 0.75000000
-0.03000000, 0.12000000, 0.51928203
-1.00000000, 0.00000000, 0.00000000
0.75000000, 0.93301270
-0.03000000, 0.08000000, 0.53000000
-1.00000000, 0.00000000, 0.00000000
0.50000000, 1.00000000
-0.03000000, 0.04000000, 0.51928203
-1.00000000, 0.00000000, 0.00000000
0.25000000, 0.93301270
-0.03000000, 0.01071797, 0.49000000
-1.00000000, 0.00000000, 0.00000000
0.06698730, 0.75000000
-0.03000000, 0.00000000, 0.45000000
-1.00000000, 0.00000000, 0.00000000
0.00000000, 0.50000000
-0.03000000, 0.01071797, 0.41000000
-1.00000000, 0.00000000, 0.00000000
0.06698730, 0.25000000
-0.03000000, 0.04000000, 0.38071797
-1.00000000, 0.00000000, 0.00000000
0.25000000, 0.06698730
-0.03000000, 0.08000000, 0.37000000
-1.00000000, 0.00000000, 0.00000000
0.50000000, 0.00000000
-0.03000000, 0.12000000, 0.38071797
-1.00000000, 0.00000000, 0.00000000
0.75000000, 0.06698730
-0.03000000, 0.14928203, 0.41000000
-1.00000000, 0.00000000, 0.00000000
0.93301270, 0.25000000
0.03000000, 0.08000000, 0.45000000
1.00000000, 0.00000000, 0.00000000
0.50000000, 0.50000000
0.03000000, 0.16000000, 0.45000000
1.00000000, 0.00000000, 0.00000000
1.00000000, 0.50000000
0.03000000, 0.14928203, 0.49000000
1.00000000, 0.00000000, 0.00000000
0.93301270, 0.75000000
0.03000000, 0.12000000, 0.51928203
1.00000000, 0.00000000, 0.00000000
0.75000000, 0.93301270
0.03000000, 0.08000000, 0.53000000
1.00000000, 0.00000000, 0.00000000
0.50000000, 1.00000000
0.03000000, 0.04000000, 0.51928203
1.00000000, 0.00000000, 0.00000000
0.25000000, 0.93301270
0.03000000, 0.01071797, 0.49000000
1.00000000, 0.00000000, 0.00000000
0.06698730, 0.75000000
0.03000000, 0.00000000, 0.45000000
1.00000000, 0.00000000, 0.00000000
0.00000000, 0.50000000
0.03000000, 0.01071797, 0.41000000
1.00000000, 0.00000000, 0.00000000
0.06698730, 0.25000000
0.03000000, 0.04000000, 0.38071797
1.00000000, 0.00000000, 0.00000000
0.25000000, 0.06698730
0.03000000, 0.08000000, 0.37000000
1.00000000, 0.00000000, 0.00000000
0.50000000, 0.00000000
0.03000000, 0.12000000, 0.38071797
1.00000000, 0.00000000, 0.00000000
0.75000000, 0.06698730
0.03000000, 0.14928203, 0.41000000
1.00000000, 0.00000000, 0.00000000
0.93301270, 0.25000000
-0.03000000, 0.16000000, -0.45000000
0.00000000, 1.00000000, 0.00000000
0.00000000, 0.00000000
-0.03000000, 0.14928203, -0.41000000
0.00000000, 0.86602540, 0.50000000
0.08333333, 0.00000000
-0.03000000, 0.12000000, -0.38071797
0.00000000, 0.50000000, 0.86602540
0.16666667, 0.00000000
-0.03000000, 0.08000000, -0.37000000
0.00000000, 0.00000000, 1.00000000
0.25000000, 0.00000000
-0.03000000, 0.04000000, -0.38071797
0.00000000, -0.50000000, 0.86602540
0.33333333, 0.00000000
-0.03000000, 0.01071797, -0.41000000
0.00000000, -0.86602540, 0.50000000
0.41666667, 0.00000000
-0.03000000, 0.00000000, -0.45000000
0.00000000, -1.00000000, 0.00000000
0.50000000, 0.00000000
-0.03000000, 0.01071797, -0.49000000
0.00000000, -0.86602540, -0.50000000
0.58333333, 0.00000000
-0.03000000, 0.04000000, -0.51928203
0.00000000, -0.50000000, -0.86602540
0.66666667, 0.00000000
-0.03000000, 0.08000000, -0.53000000
0.00000000, -0.00000000, -1.00000000
0.75000000, 0.00000000
-0.03000000, 0.12000000, -0.51928203
0.00000000, 0.50000000, -0.86602540
0.83333333, 0.00000000
-0.03000000, 0.14928203, -0.49000000
0.00000000, 0.86602540, -0.50000000
0.91666667, 0.00000000
0.03000000, 0.16000000, -0.45000000
0.00000000, 1.00000000, 0.00000000
0.00000000, 1.00000000
0.03000000, 0.14928203, -0.41000000
0.00000000, 0.86602540, 0.50000000
0.08333333, 1.00000000
0.03000000, 0.12000000, -0.38071797
0.00000000, 0.50000000, 0.86602540
0.16666667, 1.00000000
0.03000000, 0.08000000, -0.37000000
0.00000000, 0.00000000, 1.00000000
0.25000000, 1.00000000
0.03000000, 0.04000000, -0.38071797
0.00000000, -0.50000000, 0.86602540
0.33333333, 1.00000000
0.03000000, 0.01071797, -0.41000000
0.00000000, -0.86602540, 0.50000000
0.41666667, 1.00000000
0.03000000, 0.00000000, -0.45000000
0.00000000, -1.00000000, 0.00000000
0.50000000, 1.00000000
0.03000000, 0.01071797, -0.49000000
0.00000000, -0.86602540, -0.50000000
0.58333333, 1.00000000
0.03000000, 0.04000000, -0.51928203
0.00000000, -0.50000000, -0.86602540
0.66666667, 1.00000000
0.03000000, 0.08000000, -0.53000000
0.00000000, -0.00000000, -1.00000000
0.75000000, 1.00000000
0.03000000, 0.12000000, -0.51928203
0.00000000, 0.50000000, -0.86602540
0.83333333, 1.00000000
0.03000000, 0.14928203, -0.49000000
0.00000000, 0.86602540, -0.50000000
0.91666667, 1.00000000
-0.03000000, 0.08000000, -0.45000000
-1.00000000, 0.00000000, 0.00000000
0.50000000, 0.50000000
-0.03000000, 0.16000000, -0.45000000
-1.00000000, 0.00000000, 0.00000000
1.00000000, 0.50000000
-0.03000000, 0.14928203, -0.41000000
-1.00000000, 0.00000000, 0.00000000
0.93301270, 0.75000000
-0.03000000, 0.12000000, -0.38071797
-1.00000000, 0.00000000, 0.00000000
0.75000000, 0.93301270
-0.03000000, 0.08000000, -0.37000000
-1.00000000, 0.00000000, 0.00000000
0.50000000, 1.00000000
-0.03000000, 0.04000000, -0.38071797
-1.00000000, 0.00000000, 0.00000000
0.25000000, 0.93301270
-0.03000000, 0.01071797, -0.41000000
-1.00000000, 0.00000000, 0.00000000
0.06698730, 0.75000000
-0.03000000, 0.00000000, -0.45000000
-1.00000000, 0.00000000, 0.00000000
0.00000000, 0.50000000
-0.03000000, 0.01071797, -0.49000000
-1.00000000, 0.00000000, 0.00000000
0.06698730, 0.25000000
-0.03000000, 0.04000000, -0.51928203
-1.00000000, 0.00000000, 0.00000000
0.25000000, 0.06698730
-0.03000000, 0.08000000, -0.53000000
-1.00000000, 0.00000000, 0.00000000
0.50000000, 0.00000000
-0.03000000, 0.12000000, -0.51928203
-1.00000000, 0.00000000, 0.00000000
0.75000000, 0.06698730
-0.03000000, 0.14928203, -0.49000000
-1.00000000, 0.00000000, 0.00000000
0.93301270, 0.25000000
0.03000000, 0.08000000, -0.45000000
1.00000000, 0.00000000, 0.00000000
0.50000000, 0.50000000
0.03000000, 0.16000000, -0.45000000
1.00000000, 0.00000000, 0.00000000
1.00000000, 0.50000000
0.03000000, 0.14928203, -0.41000000
1.00000000, 0.00000000, 0.00000000
0.93301270, 0.75000000
0.03000000, 0.12000000, -0.38071797
1.00000000, 0.00000000, 0.00000000
0.75000000, 0.93301270
0.03000000, 0.08000000, -0.37000000
1.00000000, 0.00000000, 0.00000000
0.50000000, 1.00000000
0.03000000, 0.04000000, -0.38071797
1.00000000, 0.00000000, 0.00000000
0.25000000, 0.93301270
0.03000000, 0.01071797, -0.41000000
1.00000000, 0.00000000, 0.00000000
0.06698730, 0.75000000
0.03000000, 0.00000000, -0.45000000
1.00000000, 0.00000000, 0.00000000
0.00000000, 0.50000000
0.03000000, 0.01071797, -0.49000000
1.00000000, 0.00000000, 0.00000000
0.06698730, 0.25000000
0.03000000, 0.04000000, -0.51928203
1.00000000, 0.00000000, 0.00000000
0.25000000, 0.06698730
0.03000000, 0.08000000, -0.53000000
1.00000000, 0.00000000, 0.00000000
0.50000000, 0.00000000
0.03000000, 0.12000000, -0.51928203
1.00000000, 0.00000000, 0.00000000
0.75000000, 0.06698730
0.03000000, 0.14928203, -0.49000000
1.00000000, 0.00000000, 0.00000000
0.93301270, 0.25000000
# Number of Faces:
144
# Face Data:
0, 2, 1
0, 3, 2
4, 6, 5
4, 7, 6
8, 10, 9
8, 11, 10
12, 14, 13
12, 15, 14
16, 18, 17
16, 19, 18
20, 22, 21
20, 23, 22
24, 26, 25
24, 27, 26
28, 30, 29
28, 31, 30
32, 34, 33
32, 35, 34
36, 38, 37
36, 39, 38
40, 42, 41
40, 43, 42
44, 46, 45
44, 47, 46
48, 50, 49
48, 51, 50
52, 54, 53
52, 55, 54
56, 58, 57
56, 59, 58
60, 62, 61
60, 63, 62
64, 66, 65
64, 67, 66
68, 70, 69
68, 71, 70
72, 74, 73
72, 75, 74
76, 78, 77
76, 79, 78
80, 82, 81
80, 83, 82
84, 86, 85
84, 87, 86
88, 90, 89
88, 91, 90
92, 94, 93
92, 95, 94
96, 97, 109
96, 109, 108
97, 98, 110
97, 110, 109
98, 99, 111
98, 111, 110
99, 100, 112
99, 112, 111
100, 101, 113
100, 113, 112
101, 102, 114
101, 114, 113
102, 103, 115
102, 115, 114
103, 104, 116
103, 116, 115
104, 105, 117
104, 117, 116
105, 106, 118
105, 118, 117
106, 107, 119
106, 119, 118
107, 96, 108
107, 108, 119
120, 122, 121
120, 123, 122
120, 124, 123
120, 125, 124
120, 126, 125
120, 127, 126
120, 128, 127
120, 129, 128
120, 130, 129
120, 131, 130
120, 132, 131
120, 121, 132
133, 134, 135
133, 135, 136
133, 136, 137
133, 137, 138
133, 138, 139
133, 139, 140
133, 140, 141
133, 141, 142
133, 142, 143
133, 143, 144
133, 144, 145
133, 145, 134
146, 147, 159
146, 159, 158
147, 148, 160
147, 160, 159
148, 149, 161
148, 161, 160
149, 150, 162
149, 162, 161
150, 151, 163
150, 163, 162
151, 152, 164
151, 164, 163
152, 153, 165
152, 165, 164
153, 154, 166
153, 166, 165
154, 155, 167
154, 167, 166
155, 156, 168
155, 168, 167
156, 157, 169
156, 169, 168
157, 146, 158
157, 158, 169
170, 172, 171
170, 173, 172
170, 174, 173
170, 175, 174
170, 176, 175
170, 177, 176
170, 178, 177
170, 179, 178
170, 180, 179
170, 181, 180
170, 182, 181
170, 171, 182
183, 184, 185
183, 185, 186
183, 186, 187
183, 187, 188
183, 188, 189
183, 189, 190
183, 190, 191
183, 191, 192
183, 192, 193
183, 193, 194
183, 194, 195
183, 195, 184
