# Project Zomboid Mesh
# File Version:
1.00000000
# Model Name:
Vehicles_ElectricScooter
# Vertex Stride Element Count:
3
# Vertex Stride Size (in bytes):
76
# Vertex Stride Data:
# (Int)    Offset
# (String) Type
0
VertexArray
12
NormalArray
24
TextureCoordArray
# Vertex Count:
196
# Vertex Buffer:
-0.11000000, 0.08000000, -0.47500000
0.00000000, 0.00000000, -1.00000000
0.00000000, 0.00000000
0.11000000, 0.08000000, -0.47500000
0.00000000, 0.00000000, -1.00000000
1.00000000, 0.00000000
0.11000000, 0.13000000, -0.47500000
0.00000000, 0.00000000, -1.00000000
1.00000000, 1.00000000
-0.11000000, 0.13000000, -0.47500000
0.00000000, 0.00000000, -1.00000000
0.00000000, 1.00000000
-0.11000000, 0.13000000, 0.47500000
0.00000000, 0.00000000, 1.00000000
0.00000000, 0.00000000
0.11000000, 0.13000000, 0.47500000
0.00000000, 0.00000000, 1.00000000
1.00000000, 0.00000000
0.11000000, 0.08000000, 0.47500000
0.00000000, 0.00000000, 1.00000000
1.00000000, 1.00000000
-0.11000000, 0.08000000, 0.47500000
0.00000000, 0.00000000, 1.00000000
0.00000000, 1.00000000
-0.11000000, 0.08000000, -0.47500000
0.00000000, -1.00000000, 0.00000000
0.00000000, 0.00000000
-0.11000000, 0.08000000, 0.47500000
0.00000000, -1.00000000, 0.00000000
1.00000000, 0.00000000
0.11000000, 0.08000000, 0.47500000
0.00000000, -1.00000000, 0.00000000
1.00000000, 1.00000000
0.11000000, 0.08000000, -0.47500000
0.00000000, -1.00000000, 0.00000000
0.00000000, 1.00000000
-0.11000000, 0.13000000, -0.47500000
0.00000000, 1.00000000, 0.00000000
0.00000000, 0.00000000
0.11000000, 0.13000000, -0.47500000
0.00000000, 1.00000000, 0.00000000
1.00000000, 0.00000000
0.11000000, 0.13000000, 0.47500000
0.00000000, 1.00000000, 0.00000000
1.00000000, 1.00000000
-0.11000000, 0.13000000, 0.47500000
0.00000000, 1.00000000, 0.00000000
0.00000000, 1.00000000
-0.11000000, 0.08000000, -0.47500000
-1.00000000, 0.00000000, 0.00000000
0.00000000, 0.00000000
-0.11000000, 0.13000000, -0.47500000
-1.00000000, 0.00000000, 0.00000000
1.00000000, 0.00000000
-0.11000000, 0.13000000, 0.47500000
-1.00000000, 0.00000000, 0.00000000
1.00000000, 1.00000000
-0.11000000, 0.08000000, 0.47500000
-1.00000000, 0.00000000, 0.00000000
0.00000000, 1.00000000
0.11000000, 0.08000000, 0.47500000
1.00000000, 0.00000000, 0.00000000
0.00000000, 0.00000000
0.11000000, 0.13000000, 0.47500000
1.00000000, 0.00000000, 0.00000000
1.00000000, 0.00000000
0.11000000, 0.13000000, -0.47500000
1.00000000, 0.00000000, 0.00000000
1.00000000, 1.00000000
0.11000000, 0.08000000, -0.47500000
1.00000000, 0.00000000, 0.00000000
0.00000000, 1.00000000
-0.03000000, 0.13000000, 0.39000000
0.00000000, 0.00000000, -1.00000000
0.00000000, 0.00000000
0.03000000, 0.13000000, 0.39000000
0.00000000, 0.00000000, -1.00000000
1.00000000, 0.00000000
0.03000000, 1.00000000, 0.39000000
0.00000000, 0.00000000, -1.00000000
1.00000000, 1.00000000
-0.03000000, 1.00000000, 0.39000000
0.00000000, 0.00000000, -1.00000000
0.00000000, 1.00000000
-0.03000000, 1.00000000, 0.45000000
0.00000000, 0.00000000, 1.00000000
0.00000000, 0.00000000
0.03000000, 1.00000000, 0.45000000
0.00000000, 0.00000000, 1.00000000
1.00000000, 0.00000000
0.03000000, 0.13000000, 0.45000000
0.00000000, 0.00000000, 1.00000000
1.00000000, 1.00000000
-0.03000000, 0.13000000, 0.45000000
0.00000000, 0.00000000, 1.00000000
0.00000000, 1.00000000
-0.03000000, 0.13000000, 0.39000000
0.00000000, -1.00000000, 0.00000000
0.00000000, 0.00000000
-0.03000000, 0.13000000, 0.45000000
0.00000000, -1.00000000, 0.00000000
1.00000000, 0.00000000
0.03000000, 0.13000000, 0.45000000
0.00000000, -1.00000000, 0.00000000
1.00000000, 1.00000000
0.03000000, 0.13000000, 0.39000000
0.00000000, -1.00000000, 0.00000000
0.00000000, 1.00000000
-0.03000000, 1.00000000, 0.39000000
0.00000000, 1.00000000, 0.00000000
0.00000000, 0.00000000
0.03000000, 1.00000000, 0.39000000
0.00000000, 1.00000000, 0.00000000
1.00000000, 0.00000000
0.03000000, 1.00000000, 0.45000000
0.00000000, 1.00000000, 0.00000000
1.00000000, 1.00000000
-0.03000000, 1.00000000, 0.45000000
0.00000000, 1.00000000, 0.00000000
0.00000000, 1.00000000
-0.03000000, 0.13000000, 0.39000000
-1.00000000, 0.00000000, 0.00000000
0.00000000, 0.00000000
-0.03000000, 1.00000000, 0.39000000
-1.00000000, 0.00000000, 0.00000000
1.00000000, 0.00000000
-0.03000000, 1.00000000, 0.45000000
-1.00000000, 0.00000000, 0.00000000
1.00000000, 1.00000000
-0.03000000, 0.13000000, 0.45000000
-1.00000000, 0.00000000, 0.00000000
0.00000000, 1.00000000
0.03000000, 0.13000000, 0.45000000
1.00000000, 0.00000000, 0.00000000
0.00000000, 0.00000000
0.03000000, 1.00000000, 0.45000000
1.00000000, 0.00000000, 0.00000000
1.00000000, 0.00000000
0.03000000, 1.00000000, 0.39000000
1.00000000, 0.00000000, 0.00000000
1.00000000, 1.00000000
0.03000000, 0.13000000, 0.39000000
1.00000000, 0.00000000, 0.00000000
0.00000000, 1.00000000
-0.25000000, 1.02500000, 0.39500000
0.00000000, 0.00000000, -1.00000000
0.00000000, 0.00000000
0.25000000, 1.02500000, 0.39500000
0.00000000, 0.00000000, -1.00000000
1.00000000, 0.00000000
0.25000000, 1.07500000, 0.39500000
0.00000000, 0.00000000, -1.00000000
1.00000000, 1.00000000
-0.25000000, 1.07500000, 0.39500000
0.00000000, 0.00000000, -1.00000000
0.00000000, 1.00000000
-0.25000000, 1.07500000, 0.44500000
0.00000000, 0.00000000, 1.00000000
0.00000000, 0.00000000
0.25000000, 1.07500000, 0.44500000
0.00000000, 0.00000000, 1.00000000
1.00000000, 0.00000000
0.25000000, 1.02500000, 0.44500000
0.00000000, 0.00000000, 1.00000000
1.00000000, 1.00000000
-0.25000000, 1.02500000, 0.44500000
0.00000000, 0.00000000, 1.00000000
0.00000000, 1.00000000
-0.25000000, 1.02500000, 0.39500000
0.00000000, -1.00000000, 0.00000000
0.00000000, 0.00000000
-0.25000000, 1.02500000, 0.44500000
0.00000000, -1.00000000, 0.00000000
1.00000000, 0.00000000
0.25000000, 1.02500000, 0.44500000
0.00000000, -1.00000000, 0.00000000
1.00000000, 1.00000000
0.25000000, 1.02500000, 0.39500000
0.00000000, -1.00000000, 0.00000000
0.00000000, 1.00000000
-0.25000000, 1.07500000, 0.39500000
0.00000000, 1.00000000, 0.00000000
0.00000000, 0.00000000
0.25000000, 1.07500000, 0.39500000
0.00000000, 1.00000000, 0.00000000
1.00000000, 0.00000000
0.25000000, 1.07500000, 0.44500000
0.00000000, 1.00000000, 0.00000000
1.00000000, 1.00000000
-0.25000000, 1.07500000, 0.44500000
0.00000000, 1.00000000, 0.00000000
0.00000000, 1.00000000
-0.25000000, 1.02500000, 0.39500000
-1.00000000, 0.00000000, 0.00000000
0.00000000, 0.00000000
-0.25000000, 1.07500000, 0.39500000
-1.00000000, 0.00000000, 0.00000000
1.00000000, 0.00000000
-0.25000000, 1.07500000, 0.44500000
-1.00000000, 0.00000000, 0.00000000
1.00000000, 1.00000000
-0.25000000, 1.02500000, 0.44500000
-1.00000000, 0.00000000, 0.00000000
0.00000000, 1.00000000
0.25000000, 1.02500000, 0.44500000
1.00000000, 0.00000000, 0.00000000
0.00000000, 0.00000000
0.25000000, 1.07500000, 0.44500000
1.00000000, 0.00000000, 0.00000000
1.00000000, 0.00000000
0.25000000, 1.07500000, 0.39500000
1.00000000, 0.00000000, 0.00000000
1.00000000, 1.00000000
0.25000000, 1.02500000, 0.39500000
1.00000000, 0.00000000, 0.00000000
0.00000000, 1.00000000
-0.09000000, 0.93000000, 0.35000000
0.00000000, 0.00000000, -1.00000000
0.00000000, 0.00000000
0.09000000, 0.93000000, 0.35000000
0.00000000, 0.00000000, -1.00000000
1.00000000, 0.00000000
0.09000000, 1.03000000, 0.35000000
0.00000000, 0.00000000, -1.00000000
1.00000000, 1.00000000
-0.09000000, 1.03000000, 0.35000000
0.00000000, 0.00000000, -1.00000000
0.00000000, 1.00000000
-0.09000000, 1.03000000, 0.45000000
0.00000000, 0.00000000, 1.00000000
0.00000000, 0.00000000
0.09000000, 1.03000000, 0.45000000
0.00000000, 0.00000000, 1.00000000
1.00000000, 0.00000000
0.09000000, 0.93000000, 0.45000000
0.00000000, 0.00000000, 1.00000000
1.00000000, 1.00000000
-0.09000000, 0.93000000, 0.45000000
0.00000000, 0.00000000, 1.00000000
0.00000000, 1.00000000
-0.09000000, 0.93000000, 0.35000000
0.00000000, -1.00000000, 0.00000000
0.00000000, 0.00000000
-0.09000000, 0.93000000, 0.45000000
0.00000000, -1.00000000, 0.00000000
1.00000000, 0.00000000
0.09000000, 0.93000000, 0.45000000
0.00000000, -1.00000000, 0.00000000
1.00000000, 1.00000000
0.09000000, 0.93000000, 0.35000000
0.00000000, -1.00000000, 0.00000000
0.00000000, 1.00000000
-0.09000000, 1.03000000, 0.35000000
0.00000000, 1.00000000, 0.00000000
0.00000000, 0.00000000
0.09000000, 1.03000000, 0.35000000
0.00000000, 1.00000000, 0.00000000
1.00000000, 0.00000000
0.09000000, 1.03000000, 0.45000000
0.00000000, 1.00000000, 0.00000000
1.00000000, 1.00000000
-0.09000000, 1.03000000, 0.45000000
0.00000000, 1.00000000, 0.00000000
0.00000000, 1.00000000
-0.09000000, 0.93000000, 0.35000000
-1.00000000, 0.00000000, 0.00000000
0.00000000, 0.00000000
-0.09000000, 1.03000000, 0.35000000
-1.00000000, 0.00000000, 0.00000000
1.00000000, 0.00000000
-0.09000000, 1.03000000, 0.45000000
-1.00000000, 0.00000000, 0.00000000
1.00000000, 1.00000000
-0.09000000, 0.93000000, 0.45000000
-1.00000000, 0.00000000, 0.00000000
0.00000000, 1.00000000
0.09000000, 0.93000000, 0.45000000
1.00000000, 0.00000000, 0.00000000
0.00000000, 0.00000000
0.09000000, 1.03000000, 0.45000000
1.00000000, 0.00000000, 0.00000000
1.00000000, 0.00000000
0.09000000, 1.03000000, 0.35000000
1.00000000, 0.00000000, 0.00000000
1.00000000, 1.00000000
0.09000000, 0.93000000, 0.35000000
1.00000000, 0.00000000, 0.00000000
0.00000000, 1.00000000
-0.03000000, 0.16000000, 0.45000000
0.00000000, 1.00000000, 0.00000000
0.00000000, 0.00000000
-0.03000000, 0.14928203, 0.49000000
0.00000000, 0.86602540, 0.50000000
0.08333333, 0.00000000
-0.03000000, 0.12000000, 0.51928203
0.00000000, 0.50000000, 0.86602540
0.16666667, 0.00000000
-0.03000000, 0.08000000, 0.53000000
0.00000000, 0.00000000, 1.00000000
0.25000000, 0.00000000
-0.03000000, 0.04000000, 0.51928203
0.00000000, -0.50000000, 0.86602540
0.33333333, 0.00000000
-0.03000000, 0.01071797, 0.49000000
0.00000000, -0.86602540, 0.50000000
0.41666667, 0.00000000
-0.03000000, 0.00000000, 0.45000000
0.00000000, -1.00000000, 0.00000000
0.50000000, 0.00000000
-0.03000000, 0.01071797, 0.41000000
0.00000000, -0.86602540, -0.50000000
0.58333333, 0.00000000
-0.03000000, 0.04000000, 0.38071797
0.00000000, -0.50000000, -0.86602540
0.66666667, 0.00000000
-0.03000000, 0.08000000, 0.37000000
0.00000000, -0.00000000, -1.00000000
0.75000000, 0.00000000
-0.03000000, 0.12000000, 0.38071797
0.00000000, 0.50000000, -0.86602540
0.83333333, 0.00000000
-0.03000000, 0.14928203, 0.41000000
0.00000000, 0.86602540, -0.50000000
0.91666667, 0.00000000
0.03000000, 0.16000000, 0.45000000
0.00000000, 1.00000000, 0.00000000
0.00000000, 1.00000000
0.03000000, 0.14928203, 0.49000000
0.00000000, 0.86602540, 0.50000000
0.08333333, 1.00000000
0.03000000, 0.12000000, 0.51928203
0.00000000, 0.50000000, 0.86602540
0.16666667, 1.00000000
0.03000000, 0.08000000, 0.53000000
0.00000000, 0.00000000, 1.00000000
0.25000000, 1.00000000
0.03000000, 0.04000000, 0.51928203
0.00000000, -0.50000000, 0.86602540
0.33333333, 1.00000000
0.03000000, 0.01071797, 0.49000000
0.00000000, -0.86602540, 0.50000000
0.41666667, 1.00000000
0.03000000, 0.00000000, 0.45000000
0.00000000, -1.00000000, 0.00000000
0.50000000, 1.00000000
0.03000000, 0.01071797, 0.41000000
0.00000000, -0.86602540, -0.50000000
0.58333333, 1.00000000
0.03000000, 0.04000000, 0.38071797
0.00000000, -0.50000000, -0.86602540
0.66666667, 1.00000000
0.03000000, 0.08000000, 0.37000000
0.00000000, -0.00000000, -1.00000000
0.75000000, 1.00000000
0.03000000, 0.12000000, 0.38071797
0.00000000, 0.50000000, -0.86602540
0.83333333, 1.00000000
0.03000000, 0.14928203, 0.41000000
0.00000000, 0.86602540, -0.50000000
0.91666667, 1.00000000
-0.03000000, 0.08000000, 0.45000000
-1.00000000, 0.00000000, 0.00000000
0.50000000, 0.50000000
-0.03000000, 0.16000000, 0.45000000
-1.00000000, 0.00000000, 0.00000000
1.00000000, 0.50000000
-0.03000000, 0.14928203, 0.49000000
-1.00000000, 0.00000000, 0.00000000
0.93301270, 0.75000000
-0.03000000, 0.12000000, 0.51928203
-1.00000000, 0.00000000, 0.00000000
0.75000000, 0.93301270
-0.03000000, 0.08000000, 0.53000000
-1.00000000, 0.00000000, 0.00000000
0.50000000, 1.00000000
-0.03000000, 0.04000000, 0.51928203
-1.00000000, 0.00000000, 0.00000000
0.25000000, 0.93301270
-0.03000000, 0.01071797, 0.49000000
-1.00000000, 0.00000000, 0.00000000
0.06698730, 0.75000000
-0.03000000, 0.00000000, 0.45000000
-1.00000000, 0.00000000, 0.00000000
0.00000000, 0.50000000
-0.03000000, 0.01071797, 0.41000000
-1.00000000, 0.00000000, 0.00000000
0.06698730, 0.25000000
-0.03000000, 0.04000000, 0.38071797
-1.00000000, 0.00000000, 0.00000000
0.25000000, 0.06698730
-0.03000000, 0.08000000, 0.37000000
-1.00000000, 0.00000000, 0.00000000
0.50000000, 0.00000000
-0.03000000, 0.12000000, 0.38071797
-1.00000000, 0.00000000, 0.00000000
0.75000000, 0.06698730
-0.03000000, 0.14928203, 0.41000000
-1.00000000, 0.00000000, 0.00000000
0.93301270, 0.25000000
0.03000000, 0.08000000, 0.45000000
1.00000000, 0.00000000, 0.00000000
0.50000000, 0.50000000
0.03000000, 0.16000000, 0.45000000
1.00000000, 0.00000000, 0.00000000
1.00000000, 0.50000000
0.03000000, 0.14928203, 0.49000000
1.00000000, 0.00000000, 0.00000000
0.93301270, 0.75000000
0.03000000, 0.12000000, 0.51928203
1.00000000, 0.00000000, 0.00000000
0.75000000, 0.93301270
0.03000000, 0.08000000, 0.53000000
1.00000000, 0.00000000, 0.00000000
0.50000000, 1.00000000
0.03000000, 0.04000000, 0.51928203
1.00000000, 0.00000000, 0.00000000
0.25000000, 0.93301270
0.03000000, 0.01071797, 0.49000000
1.00000000, 0.00000000, 0.00000000
0.06698730, 0.75000000
0.03000000, 0.00000000, 0.45000000
1.00000000, 0.00000000, 0.00000000
0.00000000, 0.50000000
0.03000000, 0.01071797, 0.41000000
1.00000000, 0.00000000, 0.00000000
0.06698730, 0.25000000
0.03000000, 0.04000000, 0.38071797
1.00000000, 0.00000000, 0.00000000
0.25000000, 0.06698730
0.03000000, 0.08000000, 0.37000000
1.00000000, 0.00000000, 0.00000000
0.50000000, 0.00000000
0.03000000, 0.12000000, 0.38071797
1.00000000, 0.00000000, 0.00000000
0.75000000, 0.06698730
0.03000000, 0.14928203, 0.41000000
1.00000000, 0.00000000, 0.00000000
0.93301270, 0.25000000
-0.03000000, 0.16000000, -0.45000000
0.00000000, 1.00000000, 0.00000000
0.00000000, 0.00000000
-0.03000000, 0.14928203, -0.41000000
0.00000000, 0.86602540, 0.50000000
0.08333333, 0.00000000
-0.03000000, 0.12000000, -0.38071797
0.00000000, 0.50000000, 0.86602540
0.16666667, 0.00000000
-0.03000000, 0.08000000, -0.37000000
0.00000000, 0.00000000, 1.00000000
0.25000000, 0.00000000
-0.03000000, 0.04000000, -0.38071797
0.00000000, -0.50000000, 0.86602540
0.33333333, 0.00000000
-0.03000000, 0.01071797, -0.41000000
0.00000000, -0.86602540, 0.50000000
0.41666667, 0.00000000
-0.03000000, 0.00000000, -0.45000000
0.00000000, -1.00000000, 0.00000000
0.50000000, 0.00000000
-0.03000000, 0.01071797, -0.49000000
0.00000000, -0.86602540, -0.50000000
0.58333333, 0.00000000
-0.03000000, 0.04000000, -0.51928203
0.00000000, -0.50000000, -0.86602540
0.66666667, 0.00000000
-0.03000000, 0.08000000, -0.53000000
0.00000000, -0.00000000, -1.00000000
0.75000000, 0.00000000
-0.03000000, 0.12000000, -0.51928203
0.00000000, 0.50000000, -0.86602540
0.83333333, 0.00000000
-0.03000000, 0.14928203, -0.49000000
0.00000000, 0.86602540, -0.50000000
0.91666667, 0.00000000
0.03000000, 0.16000000, -0.45000000
0.00000000, 1.00000000, 0.00000000
0.00000000, 1.00000000
0.03000000, 0.14928203, -0.41000000
0.00000000, 0.86602540, 0.50000000
0.08333333, 1.00000000
0.03000000, 0.12000000, -0.38071797
0.00000000, 0.50000000, 0.86602540
0.16666667, 1.00000000
0.03000000, 0.08000000, -0.37000000
0.00000000, 0.00000000, 1.00000000
0.25000000, 1.00000000
0.03000000, 0.04000000, -0.38071797
0.00000000, -0.50000000, 0.86602540
0.33333333, 1.00000000
0.03000000, 0.01071797, -0.41000000
0.00000000, -0.86602540, 0.50000000
0.41666667, 1.00000000
0.03000000, 0.00000000, -0.45000000
0.00000000, -1.00000000, 0.00000000
0.50000000, 1.00000000
0.03000000, 0.01071797, -0.49000000
0.00000000, -0.86602540, -0.50000000
0.58333333, 1.00000000
0.03000000, 0.04000000, -0.51928203
0.00000000, -0.50000000, -0.86602540
0.66666667, 1.00000000
0.03000000, 0.08000000, -0.53000000
0.00000000, -0.00000000, -1.00000000
0.75000000, 1.00000000
0.03000000, 0.12000000, -0.51928203
0.00000000, 0.50000000, -0.86602540
0.83333333, 1.00000000
0.03000000, 0.14928203, -0.49000000
0.00000000, 0.86602540, -0.50000000
0.91666667, 1.00000000
-0.03000000, 0.08000000, -0.45000000
-1.00000000, 0.00000000, 0.00000000
0.50000000, 0.50000000
-0.03000000, 0.16000000, -0.45000000
-1.00000000, 0.00000000, 0.00000000
1.00000000, 0.50000000
-0.03000000, 0.14928203, -0.41000000
-1.00000000, 0.00000000, 0.00000000
0.93301270, 0.75000000
-0.03000000, 0.12000000, -0.38071797
-1.00000000, 0.00000000, 0.00000000
0.75000000, 0.93301270
-0.03000000, 0.08000000, -0.37000000
-1.00000000, 0.00000000, 0.00000000
0.50000000, 1.00000000
-0.03000000, 0.04000000, -0.38071797
-1.00000000, 0.00000000, 0.00000000
0.25000000, 0.93301270
-0.03000000, 0.01071797, -0.41000000
-1.00000000, 0.00000000, 0.00000000
0.06698730, 0.75000000
-0.03000000, 0.00000000, -0.45000000
-1.00000000, 0.00000000, 0.00000000
0.00000000, 0.50000000
-0.03000000, 0.01071797, -0.49000000
-1.00000000, 0.00000000, 0.00000000
0.06698730, 0.25000000
-0.03000000, 0.04000000, -0.51928203
-1.00000000, 0.00000000, 0.00000000
0.25000000, 0.06698730
-0.03000000, 0.08000000, -0.53000000
-1.00000000, 0.00000000, 0.00000000
0.50000000, 0.00000000
-0.03000000, 0.12000000, -0.51928203
-1.00000000, 0.00000000, 0.00000000
0.75000000, 0.06698730
-0.03000000, 0.14928203, -0.49000000
-1.00000000, 0.00000000, 0.00000000
0.93301270, 0.25000000
0.03000000, 0.08000000, -0.45000000
1.00000000, 0.00000000, 0.00000000
0.50000000, 0.50000000
0.03000000, 0.16000000, -0.45000000
1.00000000, 0.00000000, 0.00000000
1.00000000, 0.50000000
0.03000000, 0.14928203, -0.41000000
1.00000000, 0.00000000, 0.00000000
0.93301270, 0.75000000
0.03000000, 0.12000000, -0.38071797
1.00000000, 0.00000000, 0.00000000
0.75000000, 0.93301270
0.03000000, 0.08000000, -0.37000000
1.00000000, 0.00000000, 0.00000000
0.50000000, 1.00000000
0.03000000, 0.04000000, -0.38071797
1.00000000, 0.00000000, 0.00000000
0.25000000, 0.93301270
0.03000000, 0.01071797, -0.41000000
1.00000000, 0.00000000, 0.00000000
0.06698730, 0.75000000
0.03000000, 0.00000000, -0.45000000
1.00000000, 0.00000000, 0.00000000
0.00000000, 0.50000000
0.03000000, 0.01071797, -0.49000000
1.00000000, 0.00000000, 0.00000000
0.06698730, 0.25000000
0.03000000, 0.04000000, -0.51928203
1.00000000, 0.00000000, 0.00000000
0.25000000, 0.06698730
0.03000000, 0.08000000, -0.53000000
1.00000000, 0.00000000, 0.00000000
0.50000000, 0.00000000
0.03000000, 0.12000000, -0.51928203
1.00000000, 0.00000000, 0.00000000
0.75000000, 0.06698730
0.03000000, 0.14928203, -0.49000000
1.00000000, 0.00000000, 0.00000000
0.93301270, 0.25000000
# Number of Faces:
144
# Face Data:
0, 1, 2
0, 2, 3
4, 5, 6
4, 6, 7
8, 9, 10
8, 10, 11
12, 13, 14
12, 14, 15
16, 17, 18
16, 18, 19
20, 21, 22
20, 22, 23
24, 25, 26
24, 26, 27
28, 29, 30
28, 30, 31
32, 33, 34
32, 34, 35
36, 37, 38
36, 38, 39
40, 41, 42
40, 42, 43
44, 45, 46
44, 46, 47
48, 49, 50
48, 50, 51
52, 53, 54
52, 54, 55
56, 57, 58
56, 58, 59
60, 61, 62
60, 62, 63
64, 65, 66
64, 66, 67
68, 69, 70
68, 70, 71
72, 73, 74
72, 74, 75
76, 77, 78
76, 78, 79
80, 81, 82
80, 82, 83
84, 85, 86
84, 86, 87
88, 89, 90
88, 90, 91
92, 93, 94
92, 94, 95
96, 97, 109
96, 109, 108
97, 98, 110
97, 110, 109
98, 99, 111
98, 111, 110
99, 100, 112
99, 112, 111
100, 101, 113
100, 113, 112
101, 102, 114
101, 114, 113
102, 103, 115
102, 115, 114
103, 104, 116
103, 116, 115
104, 105, 117
104, 117, 116
105, 106, 118
105, 118, 117
106, 107, 119
106, 119, 118
107, 96, 108
107, 108, 119
120, 122, 121
120, 123, 122
120, 124, 123
120, 125, 124
120, 126, 125
120, 127, 126
120, 128, 127
120, 129, 128
120, 130, 129
120, 131, 130
120, 132, 131
120, 121, 132
133, 134, 135
133, 135, 136
133, 136, 137
133, 137, 138
133, 138, 139
133, 139, 140
133, 140, 141
133, 141, 142
133, 142, 143
133, 143, 144
133, 144, 145
133, 145, 134
146, 147, 159
146, 159, 158
147, 148, 160
147, 160, 159
148, 149, 161
148, 161, 160
149, 150, 162
149, 162, 161
150, 151, 163
150, 163, 162
151, 152, 164
151, 164, 163
152, 153, 165
152, 165, 164
153, 154, 166
153, 166, 165
154, 155, 167
154, 167, 166
155, 156, 168
155, 168, 167
156, 157, 169
156, 169, 168
157, 146, 158
157, 158, 169
170, 172, 171
170, 173, 172
170, 174, 173
170, 175, 174
170, 176, 175
170, 177, 176
170, 178, 177
170, 179, 178
170, 180, 179
170, 181, 180
170, 182, 181
170, 171, 182
183, 184, 185
183, 185, 186
183, 186, 187
183, 187, 188
183, 188, 189
183, 189, 190
183, 190, 191
183, 191, 192
183, 192, 193
183, 193, 194
183, 194, 195
183, 195, 184
